10000000
10000000
10000000
10000000
10000000
10000000
10000000
10000000
1000000000
1000000000
1000000000
55849
1000000000
1000000000
1000000000
1000000000
1000000000
1000000000
1000000000
1000000000
1000000000
1000000000
1000000000
1000000000
1000000000
1000000000
1000000000
1000000000
1000000000
1000000000
1000000000
1000000000
1000000000
1000000000
1000000000
1000000000
1000000000
1000000000
1000000000
1000000000
1000000000
1000000000
1000000000
1000000000
1000000000
1000000000
1000000000
1000000000
53905
66631
1000000000
1000000000
1000000000
1000000000
1000000000
32026
1000000000
1000000000
1000000000
1000000000
1000000000
1000000000
1000000000
1000000000
1000000000
1000000000
1000000000
1000000000
1000000000
1000000000
1000000000
47194
1000000000
1000000000
1000000000
1000000000
1000000000
1000000000
1000000000
1000000000
1000000000
1000000000
1000000000
1000000000
1000000000
1000000000
1000000000
39796
1000000000
1000000000
1000000000
24221
93691
1000000000
1000000000
1000000000
1000000000
1000000000
1000000000
200166
29711
1000000000
1000000000
1000000000
1000000000
26082
15135
17995
1000000000
1000000000
1000000000
1000000000
1000000000
34729
1000000000
1000000000
1000000000
1000000000
1000000000
1000000000
1000000000
1000000000
1000000000
1000000000
1000000000
1000000000
1000000000
1000000000
1000000000
30062
1000000000
